40 10 20
61 940 2
987 14 4
542 459 1
268 733 1
957 44 5
789 212 6
614 387 7
8 993 1
63 938 2
58 943 5
348 653 8
309 692 8
97 904 3
148 853 3
222 779 4
135 866 2
661 340 1
749 252 3
425 576 8
11 990 5
60 941 8
786 215 1
982 19 1
145 856 4
539 462 2
40 961 6
978 23 5
446 555 2
855 146 1
644 357 4
76 925 3
709 292 8
251 750 1
290 711 4
824 177 5
760 241 3
452 549 2
611 390 1
690 311 3
633 368 5
4 2 9 3 22
0
2 14 13
3 11 30 36
2 21 31
4 38 31 17 11
1 38
4 7 10 20 15
1 31
2 13 36
1 17
0
2 38 12
0
5 38 26 21 31 10
0
2 12 9
2 13 2
0
3 38 9 3
0
5 26 17 3 29 16
2 3 25
4 25 23 36 29
1 31
0
1 35
2 38 34
2 19 36
4 21 31 7 19
0
3 34 11 16
2 31 3
2 14 2
0
2 13 17
3 40 33 6
0
3 31 19 24
1 21
10 2 28 17 14 19 18 13 3 34 12
6000
